0.21    0.152981
0.192482    0.145028
0.176472	0.129073
0.161838	0.111338
0.14846    0.0915487
0.136227    0.0698571
0.12504    0.0463613
0.114807	0.0210781
0.105445	-0.00596266
0.0968767	-0.034627
0.0890336	-0.0648296
0.0818521	-0.096464
0.0752744	-0.129275
0.0692479	-0.16295
0.0637244	-0.197121
0.05866    -0.231374
0.0540148	-0.265277
0.0497523	-0.298409
0.045839	-0.330386
0.0422448	-0.360881
0.0389417	-0.389633
0.0359047	-0.416451
0.0331105	-0.441215
0.0305381	-0.463857
0.0281684	-0.484353
0.0259838	-0.502688
0.0239683	-0.518829
0.0221074	-0.532599
0.0203877	-0.545201
0.0187972	-0.555686
0.0173246	-0.503777
0.01596     -0.0660438
0.0146941	0.964301
0.0135184	2.47454
0.0124254	4.35859
0.011408	6.55383
0.0104597	9.01293
0.00957485	11.6945
0.008748	14.5591
0.00797433	17.5672
0.00724939	20.6793
0.00652445	24.0675
0.00579951	27.7096
0.00507457	31.5672
0.00434963	35.5721
0.00362469	39.6112
0.00289975	43.5227
0.00217481	46.903
0.00144988	48.9526
0.000724937	49.6304
0	49.738

